223 161
227 184
233 206
240 226
250 245
264 263
281 277
300 289
321 292
339 286
355 272
366 252
374 230
378 207
379 185
381 161
379 137
237 151
248 146
261 147
274 151
287 155
319 150
331 144
344 138
357 134
370 137
304 164
306 179
309 195
311 211
296 219
304 221
314 223
321 219
329 214
254 165
262 161
272 161
282 166
272 167
262 168
328 160
335 153
345 150
355 152
347 157
338 159
286 244
297 243
308 240
317 242
325 238
335 236
347 235
339 249
329 256
321 258
311 259
299 255
291 245
309 246
318 247
326 244
343 237
327 244
319 247
310 247
